                   1                   0
        0.9987954562       0.04906767433
        0.9951847267       0.09801714033
          0.98917651        0.1467304745
        0.9807852804         0.195090322
        0.9700312532        0.2429801799
        0.9569403357        0.2902846773
        0.9415440652        0.3368898534
        0.9238795325        0.3826834324
        0.9039892931        0.4275550934
        0.8819212643        0.4713967368
          0.85772861        0.5141027442
        0.8314696123         0.555570233
        0.8032075315        0.5956993045
        0.7730104534        0.6343932842
        0.7409511254        0.6715589548
        0.7071067812        0.7071067812
        0.6715589548        0.7409511254
        0.6343932842        0.7730104534
        0.5956993045        0.8032075315
         0.555570233        0.8314696123
        0.5141027442          0.85772861
        0.4713967368        0.8819212643
        0.4275550934        0.9039892931
        0.3826834324        0.9238795325
        0.3368898534        0.9415440652
        0.2902846773        0.9569403357
        0.2429801799        0.9700312532
         0.195090322        0.9807852804
        0.1467304745          0.98917651
       0.09801714033        0.9951847267
       0.04906767433        0.9987954562
    6.123031769e-017                   1
      -0.04906767433        0.9987954562
      -0.09801714033        0.9951847267
       -0.1467304745          0.98917651
        -0.195090322        0.9807852804
       -0.2429801799        0.9700312532
       -0.2902846773        0.9569403357
       -0.3368898534        0.9415440652
       -0.3826834324        0.9238795325
       -0.4275550934        0.9039892931
       -0.4713967368        0.8819212643
       -0.5141027442          0.85772861
        -0.555570233        0.8314696123
       -0.5956993045        0.8032075315
       -0.6343932842        0.7730104534
       -0.6715589548        0.7409511254
       -0.7071067812        0.7071067812
       -0.7409511254        0.6715589548
       -0.7730104534        0.6343932842
       -0.8032075315        0.5956993045
       -0.8314696123         0.555570233
         -0.85772861        0.5141027442
       -0.8819212643        0.4713967368
       -0.9039892931        0.4275550934
       -0.9238795325        0.3826834324
       -0.9415440652        0.3368898534
       -0.9569403357        0.2902846773
       -0.9700312532        0.2429801799
       -0.9807852804         0.195090322
         -0.98917651        0.1467304745
       -0.9951847267       0.09801714033
       -0.9987954562       0.04906767433
                  -1    1.224606354e-016
       -0.9987954562      -0.04906767433
       -0.9951847267      -0.09801714033
         -0.98917651       -0.1467304745
       -0.9807852804        -0.195090322
       -0.9700312532       -0.2429801799
       -0.9569403357       -0.2902846773
       -0.9415440652       -0.3368898534
       -0.9238795325       -0.3826834324
       -0.9039892931       -0.4275550934
       -0.8819212643       -0.4713967368
         -0.85772861       -0.5141027442
       -0.8314696123        -0.555570233
       -0.8032075315       -0.5956993045
       -0.7730104534       -0.6343932842
       -0.7409511254       -0.6715589548
       -0.7071067812       -0.7071067812
       -0.6715589548       -0.7409511254
       -0.6343932842       -0.7730104534
       -0.5956993045       -0.8032075315
        -0.555570233       -0.8314696123
       -0.5141027442         -0.85772861
       -0.4713967368       -0.8819212643
       -0.4275550934       -0.9039892931
       -0.3826834324       -0.9238795325
       -0.3368898534       -0.9415440652
       -0.2902846773       -0.9569403357
       -0.2429801799       -0.9700312532
        -0.195090322       -0.9807852804
       -0.1467304745         -0.98917651
      -0.09801714033       -0.9951847267
      -0.04906767433       -0.9987954562
   -1.836909531e-016                  -1
       0.04906767433       -0.9987954562
       0.09801714033       -0.9951847267
        0.1467304745         -0.98917651
         0.195090322       -0.9807852804
        0.2429801799       -0.9700312532
        0.2902846773       -0.9569403357
        0.3368898534       -0.9415440652
        0.3826834324       -0.9238795325
        0.4275550934       -0.9039892931
        0.4713967368       -0.8819212643
        0.5141027442         -0.85772861
         0.555570233       -0.8314696123
        0.5956993045       -0.8032075315
        0.6343932842       -0.7730104534
        0.6715589548       -0.7409511254
        0.7071067812       -0.7071067812
        0.7409511254       -0.6715589548
        0.7730104534       -0.6343932842
        0.8032075315       -0.5956993045
        0.8314696123        -0.555570233
          0.85772861       -0.5141027442
        0.8819212643       -0.4713967368
        0.9039892931       -0.4275550934
        0.9238795325       -0.3826834324
        0.9415440652       -0.3368898534
        0.9569403357       -0.2902846773
        0.9700312532       -0.2429801799
        0.9807852804        -0.195090322
          0.98917651       -0.1467304745
        0.9951847267      -0.09801714033
        0.9987954562      -0.04906767433
                   1   -2.449212708e-016
        0.9987954562       0.04906767433
        0.9951847267       0.09801714033
          0.98917651        0.1467304745
        0.9807852804         0.195090322
        0.9700312532        0.2429801799
        0.9569403357        0.2902846773
        0.9415440652        0.3368898534
        0.9238795325        0.3826834324
        0.9039892931        0.4275550934
        0.8819212643        0.4713967368
          0.85772861        0.5141027442
        0.8314696123         0.555570233
        0.8032075315        0.5956993045
        0.7730104534        0.6343932842
        0.7409511254        0.6715589548
        0.7071067812        0.7071067812
        0.6715589548        0.7409511254
        0.6343932842        0.7730104534
        0.5956993045        0.8032075315
         0.555570233        0.8314696123
        0.5141027442          0.85772861
        0.4713967368        0.8819212643
        0.4275550934        0.9039892931
        0.3826834324        0.9238795325
        0.3368898534        0.9415440652
        0.2902846773        0.9569403357
        0.2429801799        0.9700312532
         0.195090322        0.9807852804
        0.1467304745          0.98917651
       0.09801714033        0.9951847267
       0.04906767433        0.9987954562
    3.061515885e-016                   1
      -0.04906767433        0.9987954562
      -0.09801714033        0.9951847267
       -0.1467304745          0.98917651
        -0.195090322        0.9807852804
       -0.2429801799        0.9700312532
       -0.2902846773        0.9569403357
       -0.3368898534        0.9415440652
       -0.3826834324        0.9238795325
       -0.4275550934        0.9039892931
       -0.4713967368        0.8819212643
       -0.5141027442          0.85772861
        -0.555570233        0.8314696123
       -0.5956993045        0.8032075315
       -0.6343932842        0.7730104534
       -0.6715589548        0.7409511254
       -0.7071067812        0.7071067812
       -0.7409511254        0.6715589548
       -0.7730104534        0.6343932842
       -0.8032075315        0.5956993045
       -0.8314696123         0.555570233
         -0.85772861        0.5141027442
       -0.8819212643        0.4713967368
       -0.9039892931        0.4275550934
       -0.9238795325        0.3826834324
       -0.9415440652        0.3368898534
       -0.9569403357        0.2902846773
       -0.9700312532        0.2429801799
       -0.9807852804         0.195090322
         -0.98917651        0.1467304745
       -0.9951847267       0.09801714033
       -0.9987954562       0.04906767433
                  -1    3.673819061e-016
       -0.9987954562      -0.04906767433
       -0.9951847267      -0.09801714033
         -0.98917651       -0.1467304745
       -0.9807852804        -0.195090322
       -0.9700312532       -0.2429801799
       -0.9569403357       -0.2902846773
       -0.9415440652       -0.3368898534
       -0.9238795325       -0.3826834324
       -0.9039892931       -0.4275550934
       -0.8819212643       -0.4713967368
         -0.85772861       -0.5141027442
       -0.8314696123        -0.555570233
       -0.8032075315       -0.5956993045
       -0.7730104534       -0.6343932842
       -0.7409511254       -0.6715589548
       -0.7071067812       -0.7071067812
       -0.6715589548       -0.7409511254
       -0.6343932842       -0.7730104534
       -0.5956993045       -0.8032075315
        -0.555570233       -0.8314696123
       -0.5141027442         -0.85772861
       -0.4713967368       -0.8819212643
       -0.4275550934       -0.9039892931
       -0.3826834324       -0.9238795325
       -0.3368898534       -0.9415440652
       -0.2902846773       -0.9569403357
       -0.2429801799       -0.9700312532
        -0.195090322       -0.9807852804
       -0.1467304745         -0.98917651
      -0.09801714033       -0.9951847267
      -0.04906767433       -0.9987954562
   -4.286122238e-016                  -1
       0.04906767433       -0.9987954562
       0.09801714033       -0.9951847267
        0.1467304745         -0.98917651
         0.195090322       -0.9807852804
        0.2429801799       -0.9700312532
        0.2902846773       -0.9569403357
        0.3368898534       -0.9415440652
        0.3826834324       -0.9238795325
        0.4275550934       -0.9039892931
        0.4713967368       -0.8819212643
        0.5141027442         -0.85772861
         0.555570233       -0.8314696123
        0.5956993045       -0.8032075315
        0.6343932842       -0.7730104534
        0.6715589548       -0.7409511254
        0.7071067812       -0.7071067812
        0.7409511254       -0.6715589548
        0.7730104534       -0.6343932842
        0.8032075315       -0.5956993045
        0.8314696123        -0.555570233
          0.85772861       -0.5141027442
        0.8819212643       -0.4713967368
        0.9039892931       -0.4275550934
        0.9238795325       -0.3826834324
        0.9415440652       -0.3368898534
        0.9569403357       -0.2902846773
        0.9700312532       -0.2429801799
        0.9807852804        -0.195090322
          0.98917651       -0.1467304745
        0.9951847267      -0.09801714033
        0.9987954562      -0.04906767433
                   1   -4.898425415e-016
        0.9987954562       0.04906767433
        0.9951847267       0.09801714033
          0.98917651        0.1467304745
        0.9807852804         0.195090322
        0.9700312532        0.2429801799
        0.9569403357        0.2902846773
        0.9415440652        0.3368898534
        0.9238795325        0.3826834324
        0.9039892931        0.4275550934
        0.8819212643        0.4713967368
          0.85772861        0.5141027442
        0.8314696123         0.555570233
        0.8032075315        0.5956993045
        0.7730104534        0.6343932842
        0.7409511254        0.6715589548
        0.7071067812        0.7071067812
        0.6715589548        0.7409511254
        0.6343932842        0.7730104534
        0.5956993045        0.8032075315
         0.555570233        0.8314696123
        0.5141027442          0.85772861
        0.4713967368        0.8819212643
        0.4275550934        0.9039892931
        0.3826834324        0.9238795325
        0.3368898534        0.9415440652
        0.2902846773        0.9569403357
        0.2429801799        0.9700312532
         0.195090322        0.9807852804
        0.1467304745          0.98917651
       0.09801714033        0.9951847267
       0.04906767433        0.9987954562
    5.510728592e-016                   1
      -0.04906767433        0.9987954562
      -0.09801714033        0.9951847267
       -0.1467304745          0.98917651
        -0.195090322        0.9807852804
       -0.2429801799        0.9700312532
       -0.2902846773        0.9569403357
       -0.3368898534        0.9415440652
       -0.3826834324        0.9238795325
       -0.4275550934        0.9039892931
       -0.4713967368        0.8819212643
       -0.5141027442          0.85772861
        -0.555570233        0.8314696123
       -0.5956993045        0.8032075315
       -0.6343932842        0.7730104534
       -0.6715589548        0.7409511254
       -0.7071067812        0.7071067812
       -0.7409511254        0.6715589548
       -0.7730104534        0.6343932842
       -0.8032075315        0.5956993045
       -0.8314696123         0.555570233
         -0.85772861        0.5141027442
       -0.8819212643        0.4713967368
       -0.9039892931        0.4275550934
       -0.9238795325        0.3826834324
       -0.9415440652        0.3368898534
       -0.9569403357        0.2902846773
       -0.9700312532        0.2429801799
       -0.9807852804         0.195090322
         -0.98917651        0.1467304745
       -0.9951847267       0.09801714033
       -0.9987954562       0.04906767433
                  -1    6.123031769e-016
       -0.9987954562      -0.04906767433
       -0.9951847267      -0.09801714033
         -0.98917651       -0.1467304745
       -0.9807852804        -0.195090322
       -0.9700312532       -0.2429801799
       -0.9569403357       -0.2902846773
       -0.9415440652       -0.3368898534
       -0.9238795325       -0.3826834324
       -0.9039892931       -0.4275550934
       -0.8819212643       -0.4713967368
         -0.85772861       -0.5141027442
       -0.8314696123        -0.555570233
       -0.8032075315       -0.5956993045
       -0.7730104534       -0.6343932842
       -0.7409511254       -0.6715589548
       -0.7071067812       -0.7071067812
       -0.6715589548       -0.7409511254
       -0.6343932842       -0.7730104534
       -0.5956993045       -0.8032075315
        -0.555570233       -0.8314696123
       -0.5141027442         -0.85772861
       -0.4713967368       -0.8819212643
       -0.4275550934       -0.9039892931
       -0.3826834324       -0.9238795325
       -0.3368898534       -0.9415440652
       -0.2902846773       -0.9569403357
       -0.2429801799       -0.9700312532
        -0.195090322       -0.9807852804
       -0.1467304745         -0.98917651
      -0.09801714033       -0.9951847267
      -0.04906767433       -0.9987954562
   -2.449890334e-015                  -1
       0.04906767433       -0.9987954562
       0.09801714033       -0.9951847267
        0.1467304745         -0.98917651
         0.195090322       -0.9807852804
        0.2429801799       -0.9700312532
        0.2902846773       -0.9569403357
        0.3368898534       -0.9415440652
        0.3826834324       -0.9238795325
        0.4275550934       -0.9039892931
        0.4713967368       -0.8819212643
        0.5141027442         -0.85772861
         0.555570233       -0.8314696123
        0.5956993045       -0.8032075315
        0.6343932842       -0.7730104534
        0.6715589548       -0.7409511254
        0.7071067812       -0.7071067812
        0.7409511254       -0.6715589548
        0.7730104534       -0.6343932842
        0.8032075315       -0.5956993045
        0.8314696123        -0.555570233
          0.85772861       -0.5141027442
        0.8819212643       -0.4713967368
        0.9039892931       -0.4275550934
        0.9238795325       -0.3826834324
        0.9415440652       -0.3368898534
        0.9569403357       -0.2902846773
        0.9700312532       -0.2429801799
        0.9807852804        -0.195090322
          0.98917651       -0.1467304745
        0.9951847267      -0.09801714033
        0.9987954562      -0.04906767433
                   1   -7.347638123e-016
        0.9987954562       0.04906767433
        0.9951847267       0.09801714033
          0.98917651        0.1467304745
        0.9807852804         0.195090322
        0.9700312532        0.2429801799
        0.9569403357        0.2902846773
        0.9415440652        0.3368898534
        0.9238795325        0.3826834324
        0.9039892931        0.4275550934
        0.8819212643        0.4713967368
          0.85772861        0.5141027442
        0.8314696123         0.555570233
        0.8032075315        0.5956993045
        0.7730104534        0.6343932842
        0.7409511254        0.6715589548
        0.7071067812        0.7071067812
        0.6715589548        0.7409511254
        0.6343932842        0.7730104534
        0.5956993045        0.8032075315
         0.555570233        0.8314696123
        0.5141027442          0.85772861
        0.4713967368        0.8819212643
        0.4275550934        0.9039892931
        0.3826834324        0.9238795325
        0.3368898534        0.9415440652
        0.2902846773        0.9569403357
        0.2429801799        0.9700312532
         0.195090322        0.9807852804
        0.1467304745          0.98917651
       0.09801714033        0.9951847267
       0.04906767433        0.9987954562
   -9.803627094e-016                   1
      -0.04906767433        0.9987954562
      -0.09801714033        0.9951847267
       -0.1467304745          0.98917651
        -0.195090322        0.9807852804
       -0.2429801799        0.9700312532
       -0.2902846773        0.9569403357
       -0.3368898534        0.9415440652
       -0.3826834324        0.9238795325
       -0.4275550934        0.9039892931
       -0.4713967368        0.8819212643
       -0.5141027442          0.85772861
        -0.555570233        0.8314696123
       -0.5956993045        0.8032075315
       -0.6343932842        0.7730104534
       -0.6715589548        0.7409511254
       -0.7071067812        0.7071067812
       -0.7409511254        0.6715589548
       -0.7730104534        0.6343932842
       -0.8032075315        0.5956993045
       -0.8314696123         0.555570233
         -0.85772861        0.5141027442
       -0.8819212643        0.4713967368
       -0.9039892931        0.4275550934
       -0.9238795325        0.3826834324
       -0.9415440652        0.3368898534
       -0.9569403357        0.2902846773
       -0.9700312532        0.2429801799
       -0.9807852804         0.195090322
         -0.98917651        0.1467304745
       -0.9951847267       0.09801714033
       -0.9987954562       0.04906767433
                  -1    8.572244477e-016
       -0.9987954562      -0.04906767433
       -0.9951847267      -0.09801714033
         -0.98917651       -0.1467304745
       -0.9807852804        -0.195090322
       -0.9700312532       -0.2429801799
       -0.9569403357       -0.2902846773
       -0.9415440652       -0.3368898534
       -0.9238795325       -0.3826834324
       -0.9039892931       -0.4275550934
       -0.8819212643       -0.4713967368
         -0.85772861       -0.5141027442
       -0.8314696123        -0.555570233
       -0.8032075315       -0.5956993045
       -0.7730104534       -0.6343932842
       -0.7409511254       -0.6715589548
       -0.7071067812       -0.7071067812
       -0.6715589548       -0.7409511254
       -0.6343932842       -0.7730104534
       -0.5956993045       -0.8032075315
        -0.555570233       -0.8314696123
       -0.5141027442         -0.85772861
       -0.4713967368       -0.8819212643
       -0.4275550934       -0.9039892931
       -0.3826834324       -0.9238795325
       -0.3368898534       -0.9415440652
       -0.2902846773       -0.9569403357
       -0.2429801799       -0.9700312532
        -0.195090322       -0.9807852804
       -0.1467304745         -0.98917651
      -0.09801714033       -0.9951847267
      -0.04906767433       -0.9987954562
   -2.694811605e-015                  -1
       0.04906767433       -0.9987954562
       0.09801714033       -0.9951847267
        0.1467304745         -0.98917651
         0.195090322       -0.9807852804
        0.2429801799       -0.9700312532
        0.2902846773       -0.9569403357
        0.3368898534       -0.9415440652
        0.3826834324       -0.9238795325
        0.4275550934       -0.9039892931
        0.4713967368       -0.8819212643
        0.5141027442         -0.85772861
         0.555570233       -0.8314696123
        0.5956993045       -0.8032075315
        0.6343932842       -0.7730104534
        0.6715589548       -0.7409511254
        0.7071067812       -0.7071067812
        0.7409511254       -0.6715589548
        0.7730104534       -0.6343932842
        0.8032075315       -0.5956993045
        0.8314696123        -0.555570233
          0.85772861       -0.5141027442
        0.8819212643       -0.4713967368
        0.9039892931       -0.4275550934
        0.9238795325       -0.3826834324
        0.9415440652       -0.3368898534
        0.9569403357       -0.2902846773
        0.9700312532       -0.2429801799
        0.9807852804        -0.195090322
          0.98917651       -0.1467304745
        0.9951847267      -0.09801714033
        0.9987954562      -0.04906767433
                   1   -9.796850831e-016
        0.9987954562       0.04906767433
        0.9951847267       0.09801714033
          0.98917651        0.1467304745
        0.9807852804         0.195090322
        0.9700312532        0.2429801799
        0.9569403357        0.2902846773
        0.9415440652        0.3368898534
        0.9238795325        0.3826834324
        0.9039892931        0.4275550934
        0.8819212643        0.4713967368
          0.85772861        0.5141027442
        0.8314696123         0.555570233
        0.8032075315        0.5956993045
        0.7730104534        0.6343932842
        0.7409511254        0.6715589548
        0.7071067812        0.7071067812
        0.6715589548        0.7409511254
        0.6343932842        0.7730104534
        0.5956993045        0.8032075315
         0.555570233        0.8314696123
        0.5141027442          0.85772861
        0.4713967368        0.8819212643
        0.4275550934        0.9039892931
        0.3826834324        0.9238795325
        0.3368898534        0.9415440652
        0.2902846773        0.9569403357
        0.2429801799        0.9700312532
         0.195090322        0.9807852804
        0.1467304745          0.98917651
       0.09801714033        0.9951847267
       0.04906767433        0.9987954562
   -7.354414387e-016                   1
      -0.04906767433        0.9987954562
      -0.09801714033        0.9951847267
       -0.1467304745          0.98917651
        -0.195090322        0.9807852804
       -0.2429801799        0.9700312532
       -0.2902846773        0.9569403357
       -0.3368898534        0.9415440652
       -0.3826834324        0.9238795325
       -0.4275550934        0.9039892931
       -0.4713967368        0.8819212643
       -0.5141027442          0.85772861
        -0.555570233        0.8314696123
       -0.5956993045        0.8032075315
       -0.6343932842        0.7730104534
       -0.6715589548        0.7409511254
       -0.7071067812        0.7071067812
       -0.7409511254        0.6715589548
       -0.7730104534        0.6343932842
       -0.8032075315        0.5956993045
       -0.8314696123         0.555570233
         -0.85772861        0.5141027442
       -0.8819212643        0.4713967368
       -0.9039892931        0.4275550934
       -0.9238795325        0.3826834324
       -0.9415440652        0.3368898534
       -0.9569403357        0.2902846773
       -0.9700312532        0.2429801799
       -0.9807852804         0.195090322
         -0.98917651        0.1467304745
       -0.9951847267       0.09801714033
       -0.9987954562       0.04906767433
                  -1    1.102145718e-015
       -0.9987954562      -0.04906767433
       -0.9951847267      -0.09801714033
         -0.98917651       -0.1467304745
       -0.9807852804        -0.195090322
       -0.9700312532       -0.2429801799
       -0.9569403357       -0.2902846773
       -0.9415440652       -0.3368898534
       -0.9238795325       -0.3826834324
       -0.9039892931       -0.4275550934
       -0.8819212643       -0.4713967368
         -0.85772861       -0.5141027442
       -0.8314696123        -0.555570233
       -0.8032075315       -0.5956993045
       -0.7730104534       -0.6343932842
       -0.7409511254       -0.6715589548
       -0.7071067812       -0.7071067812
       -0.6715589548       -0.7409511254
       -0.6343932842       -0.7730104534
       -0.5956993045       -0.8032075315
        -0.555570233       -0.8314696123
       -0.5141027442         -0.85772861
       -0.4713967368       -0.8819212643
       -0.4275550934       -0.9039892931
       -0.3826834324       -0.9238795325
       -0.3368898534       -0.9415440652
       -0.2902846773       -0.9569403357
       -0.2429801799       -0.9700312532
        -0.195090322       -0.9807852804
       -0.1467304745         -0.98917651
      -0.09801714033       -0.9951847267
      -0.04906767433       -0.9987954562
   -2.939732876e-015                  -1
       0.04906767433       -0.9987954562
       0.09801714033       -0.9951847267
        0.1467304745         -0.98917651
         0.195090322       -0.9807852804
        0.2429801799       -0.9700312532
        0.2902846773       -0.9569403357
        0.3368898534       -0.9415440652
        0.3826834324       -0.9238795325
        0.4275550934       -0.9039892931
        0.4713967368       -0.8819212643
        0.5141027442         -0.85772861
         0.555570233       -0.8314696123
        0.5956993045       -0.8032075315
        0.6343932842       -0.7730104534
        0.6715589548       -0.7409511254
        0.7071067812       -0.7071067812
        0.7409511254       -0.6715589548
        0.7730104534       -0.6343932842
        0.8032075315       -0.5956993045
        0.8314696123        -0.555570233
          0.85772861       -0.5141027442
        0.8819212643       -0.4713967368
        0.9039892931       -0.4275550934
        0.9238795325       -0.3826834324
        0.9415440652       -0.3368898534
        0.9569403357       -0.2902846773
        0.9700312532       -0.2429801799
        0.9807852804        -0.195090322
          0.98917651       -0.1467304745
        0.9951847267      -0.09801714033
        0.9987954562      -0.04906767433
                   1   -1.224606354e-015
        0.9987954562       0.04906767433
        0.9951847267       0.09801714033
          0.98917651        0.1467304745
        0.9807852804         0.195090322
        0.9700312532        0.2429801799
        0.9569403357        0.2902846773
        0.9415440652        0.3368898534
        0.9238795325        0.3826834324
        0.9039892931        0.4275550934
        0.8819212643        0.4713967368
          0.85772861        0.5141027442
        0.8314696123         0.555570233
        0.8032075315        0.5956993045
        0.7730104534        0.6343932842
        0.7409511254        0.6715589548
        0.7071067812        0.7071067812
        0.6715589548        0.7409511254
        0.6343932842        0.7730104534
        0.5956993045        0.8032075315
         0.555570233        0.8314696123
        0.5141027442          0.85772861
        0.4713967368        0.8819212643
        0.4275550934        0.9039892931
        0.3826834324        0.9238795325
        0.3368898534        0.9415440652
        0.2902846773        0.9569403357
        0.2429801799        0.9700312532
         0.195090322        0.9807852804
        0.1467304745          0.98917651
       0.09801714033        0.9951847267
       0.04906767433        0.9987954562
   -4.905201679e-016                   1
      -0.04906767433        0.9987954562
      -0.09801714033        0.9951847267
       -0.1467304745          0.98917651
        -0.195090322        0.9807852804
       -0.2429801799        0.9700312532
       -0.2902846773        0.9569403357
       -0.3368898534        0.9415440652
       -0.3826834324        0.9238795325
       -0.4275550934        0.9039892931
       -0.4713967368        0.8819212643
       -0.5141027442          0.85772861
        -0.555570233        0.8314696123
       -0.5956993045        0.8032075315
       -0.6343932842        0.7730104534
       -0.6715589548        0.7409511254
       -0.7071067812        0.7071067812
       -0.7409511254        0.6715589548
       -0.7730104534        0.6343932842
       -0.8032075315        0.5956993045
       -0.8314696123         0.555570233
         -0.85772861        0.5141027442
       -0.8819212643        0.4713967368
       -0.9039892931        0.4275550934
       -0.9238795325        0.3826834324
       -0.9415440652        0.3368898534
       -0.9569403357        0.2902846773
       -0.9700312532        0.2429801799
       -0.9807852804         0.195090322
         -0.98917651        0.1467304745
       -0.9951847267       0.09801714033
       -0.9987954562       0.04906767433
                  -1    4.899780668e-015
       -0.9987954562      -0.04906767433
       -0.9951847267      -0.09801714033
         -0.98917651       -0.1467304745
       -0.9807852804        -0.195090322
       -0.9700312532       -0.2429801799
       -0.9569403357       -0.2902846773
       -0.9415440652       -0.3368898534
       -0.9238795325       -0.3826834324
       -0.9039892931       -0.4275550934
       -0.8819212643       -0.4713967368
         -0.85772861       -0.5141027442
       -0.8314696123        -0.555570233
       -0.8032075315       -0.5956993045
       -0.7730104534       -0.6343932842
       -0.7409511254       -0.6715589548
       -0.7071067812       -0.7071067812
       -0.6715589548       -0.7409511254
       -0.6343932842       -0.7730104534
       -0.5956993045       -0.8032075315
        -0.555570233       -0.8314696123
       -0.5141027442         -0.85772861
       -0.4713967368       -0.8819212643
       -0.4275550934       -0.9039892931
       -0.3826834324       -0.9238795325
       -0.3368898534       -0.9415440652
       -0.2902846773       -0.9569403357
       -0.2429801799       -0.9700312532
        -0.195090322       -0.9807852804
       -0.1467304745         -0.98917651
      -0.09801714033       -0.9951847267
      -0.04906767433       -0.9987954562
   -3.184654146e-015                  -1
       0.04906767433       -0.9987954562
       0.09801714033       -0.9951847267
        0.1467304745         -0.98917651
         0.195090322       -0.9807852804
        0.2429801799       -0.9700312532
        0.2902846773       -0.9569403357
        0.3368898534       -0.9415440652
        0.3826834324       -0.9238795325
        0.4275550934       -0.9039892931
        0.4713967368       -0.8819212643
        0.5141027442         -0.85772861
         0.555570233       -0.8314696123
        0.5956993045       -0.8032075315
        0.6343932842       -0.7730104534
        0.6715589548       -0.7409511254
        0.7071067812       -0.7071067812
        0.7409511254       -0.6715589548
        0.7730104534       -0.6343932842
        0.8032075315       -0.5956993045
        0.8314696123        -0.555570233
          0.85772861       -0.5141027442
        0.8819212643       -0.4713967368
        0.9039892931       -0.4275550934
        0.9238795325       -0.3826834324
        0.9415440652       -0.3368898534
        0.9569403357       -0.2902846773
        0.9700312532       -0.2429801799
        0.9807852804        -0.195090322
          0.98917651       -0.1467304745
        0.9951847267      -0.09801714033
        0.9987954562      -0.04906767433
                   1   -1.469527625e-015
        0.9987954562       0.04906767433
        0.9951847267       0.09801714033
          0.98917651        0.1467304745
        0.9807852804         0.195090322
        0.9700312532        0.2429801799
        0.9569403357        0.2902846773
        0.9415440652        0.3368898534
        0.9238795325        0.3826834324
        0.9039892931        0.4275550934
        0.8819212643        0.4713967368
          0.85772861        0.5141027442
        0.8314696123         0.555570233
        0.8032075315        0.5956993045
        0.7730104534        0.6343932842
        0.7409511254        0.6715589548
        0.7071067812        0.7071067812
        0.6715589548        0.7409511254
        0.6343932842        0.7730104534
        0.5956993045        0.8032075315
         0.555570233        0.8314696123
        0.5141027442          0.85772861
        0.4713967368        0.8819212643
        0.4275550934        0.9039892931
        0.3826834324        0.9238795325
        0.3368898534        0.9415440652
        0.2902846773        0.9569403357
        0.2429801799        0.9700312532
         0.195090322        0.9807852804
        0.1467304745          0.98917651
       0.09801714033        0.9951847267
       0.04906767433        0.9987954562
   -2.455988971e-016                   1
      -0.04906767433        0.9987954562
      -0.09801714033        0.9951847267
       -0.1467304745          0.98917651
        -0.195090322        0.9807852804
       -0.2429801799        0.9700312532
       -0.2902846773        0.9569403357
       -0.3368898534        0.9415440652
       -0.3826834324        0.9238795325
       -0.4275550934        0.9039892931
       -0.4713967368        0.8819212643
       -0.5141027442          0.85772861
        -0.555570233        0.8314696123
       -0.5956993045        0.8032075315
       -0.6343932842        0.7730104534
       -0.6715589548        0.7409511254
       -0.7071067812        0.7071067812
       -0.7409511254        0.6715589548
       -0.7730104534        0.6343932842
       -0.8032075315        0.5956993045
       -0.8314696123         0.555570233
         -0.85772861        0.5141027442
       -0.8819212643        0.4713967368
       -0.9039892931        0.4275550934
       -0.9238795325        0.3826834324
       -0.9415440652        0.3368898534
       -0.9569403357        0.2902846773
       -0.9700312532        0.2429801799
       -0.9807852804         0.195090322
         -0.98917651        0.1467304745
       -0.9951847267       0.09801714033
       -0.9987954562       0.04906767433
                  -1   -1.960725419e-015
       -0.9987954562      -0.04906767433
       -0.9951847267      -0.09801714033
         -0.98917651       -0.1467304745
       -0.9807852804        -0.195090322
       -0.9700312532       -0.2429801799
       -0.9569403357       -0.2902846773
       -0.9415440652       -0.3368898534
       -0.9238795325       -0.3826834324
       -0.9039892931       -0.4275550934
       -0.8819212643       -0.4713967368
         -0.85772861       -0.5141027442
       -0.8314696123        -0.555570233
       -0.8032075315       -0.5956993045
       -0.7730104534       -0.6343932842
       -0.7409511254       -0.6715589548
       -0.7071067812       -0.7071067812
       -0.6715589548       -0.7409511254
       -0.6343932842       -0.7730104534
       -0.5956993045       -0.8032075315
        -0.555570233       -0.8314696123
       -0.5141027442         -0.85772861
       -0.4713967368       -0.8819212643
       -0.4275550934       -0.9039892931
       -0.3826834324       -0.9238795325
       -0.3368898534       -0.9415440652
       -0.2902846773       -0.9569403357
       -0.2429801799       -0.9700312532
        -0.195090322       -0.9807852804
       -0.1467304745         -0.98917651
      -0.09801714033       -0.9951847267
      -0.04906767433       -0.9987954562
   -3.429575417e-015                  -1
       0.04906767433       -0.9987954562
       0.09801714033       -0.9951847267
        0.1467304745         -0.98917651
         0.195090322       -0.9807852804
        0.2429801799       -0.9700312532
        0.2902846773       -0.9569403357
        0.3368898534       -0.9415440652
        0.3826834324       -0.9238795325
        0.4275550934       -0.9039892931
        0.4713967368       -0.8819212643
        0.5141027442         -0.85772861
         0.555570233       -0.8314696123
        0.5956993045       -0.8032075315
        0.6343932842       -0.7730104534
        0.6715589548       -0.7409511254
        0.7071067812       -0.7071067812
        0.7409511254       -0.6715589548
        0.7730104534       -0.6343932842
        0.8032075315       -0.5956993045
        0.8314696123        -0.555570233
          0.85772861       -0.5141027442
        0.8819212643       -0.4713967368
        0.9039892931       -0.4275550934
        0.9238795325       -0.3826834324
        0.9415440652       -0.3368898534
        0.9569403357       -0.2902846773
        0.9700312532       -0.2429801799
        0.9807852804        -0.195090322
          0.98917651       -0.1467304745
        0.9951847267      -0.09801714033
        0.9987954562      -0.04906767433
                   1   -1.714448895e-015
        0.9987954562       0.04906767433
        0.9951847267       0.09801714033
          0.98917651        0.1467304745
        0.9807852804         0.195090322
        0.9700312532        0.2429801799
        0.9569403357        0.2902846773
        0.9415440652        0.3368898534
        0.9238795325        0.3826834324
        0.9039892931        0.4275550934
        0.8819212643        0.4713967368
          0.85772861        0.5141027442
        0.8314696123         0.555570233
        0.8032075315        0.5956993045
        0.7730104534        0.6343932842
        0.7409511254        0.6715589548
        0.7071067812        0.7071067812
        0.6715589548        0.7409511254
        0.6343932842        0.7730104534
        0.5956993045        0.8032075315
         0.555570233        0.8314696123
        0.5141027442          0.85772861
        0.4713967368        0.8819212643
        0.4275550934        0.9039892931
        0.3826834324        0.9238795325
        0.3368898534        0.9415440652
        0.2902846773        0.9569403357
        0.2429801799        0.9700312532
         0.195090322        0.9807852804
        0.1467304745          0.98917651
       0.09801714033        0.9951847267
       0.04906767433        0.9987954562
   -6.776263578e-019                   1
      -0.04906767433        0.9987954562
      -0.09801714033        0.9951847267
       -0.1467304745          0.98917651
        -0.195090322        0.9807852804
       -0.2429801799        0.9700312532
       -0.2902846773        0.9569403357
       -0.3368898534        0.9415440652
       -0.3826834324        0.9238795325
       -0.4275550934        0.9039892931
       -0.4713967368        0.8819212643
       -0.5141027442          0.85772861
        -0.555570233        0.8314696123
       -0.5956993045        0.8032075315
       -0.6343932842        0.7730104534
       -0.6715589548        0.7409511254
       -0.7071067812        0.7071067812
       -0.7409511254        0.6715589548
       -0.7730104534        0.6343932842
       -0.8032075315        0.5956993045
       -0.8314696123         0.555570233
         -0.85772861        0.5141027442
       -0.8819212643        0.4713967368
       -0.9039892931        0.4275550934
       -0.9238795325        0.3826834324
       -0.9415440652        0.3368898534
       -0.9569403357        0.2902846773
       -0.9700312532        0.2429801799
       -0.9807852804         0.195090322
         -0.98917651        0.1467304745
       -0.9951847267       0.09801714033
       -0.9987954562       0.04906767433
                  -1     5.38962321e-015
       -0.9987954562      -0.04906767433
       -0.9951847267      -0.09801714033
         -0.98917651       -0.1467304745
       -0.9807852804        -0.195090322
       -0.9700312532       -0.2429801799
       -0.9569403357       -0.2902846773
       -0.9415440652       -0.3368898534
       -0.9238795325       -0.3826834324
       -0.9039892931       -0.4275550934
       -0.8819212643       -0.4713967368
         -0.85772861       -0.5141027442
       -0.8314696123        -0.555570233
       -0.8032075315       -0.5956993045
       -0.7730104534       -0.6343932842
       -0.7409511254       -0.6715589548
       -0.7071067812       -0.7071067812
       -0.6715589548       -0.7409511254
       -0.6343932842       -0.7730104534
       -0.5956993045       -0.8032075315
        -0.555570233       -0.8314696123
       -0.5141027442         -0.85772861
       -0.4713967368       -0.8819212643
       -0.4275550934       -0.9039892931
       -0.3826834324       -0.9238795325
       -0.3368898534       -0.9415440652
       -0.2902846773       -0.9569403357
       -0.2429801799       -0.9700312532
        -0.195090322       -0.9807852804
       -0.1467304745         -0.98917651
      -0.09801714033       -0.9951847267
      -0.04906767433       -0.9987954562
   -3.674496688e-015                  -1
       0.04906767433       -0.9987954562
       0.09801714033       -0.9951847267
        0.1467304745         -0.98917651
         0.195090322       -0.9807852804
        0.2429801799       -0.9700312532
        0.2902846773       -0.9569403357
        0.3368898534       -0.9415440652
        0.3826834324       -0.9238795325
        0.4275550934       -0.9039892931
        0.4713967368       -0.8819212643
        0.5141027442         -0.85772861
         0.555570233       -0.8314696123
        0.5956993045       -0.8032075315
        0.6343932842       -0.7730104534
        0.6715589548       -0.7409511254
        0.7071067812       -0.7071067812
        0.7409511254       -0.6715589548
        0.7730104534       -0.6343932842
        0.8032075315       -0.5956993045
        0.8314696123        -0.555570233
          0.85772861       -0.5141027442
        0.8819212643       -0.4713967368
        0.9039892931       -0.4275550934
        0.9238795325       -0.3826834324
        0.9415440652       -0.3368898534
        0.9569403357       -0.2902846773
        0.9700312532       -0.2429801799
        0.9807852804        -0.195090322
          0.98917651       -0.1467304745
        0.9951847267      -0.09801714033
        0.9987954562      -0.04906767433
                   1   -1.959370166e-015
        0.9987954562       0.04906767433
        0.9951847267       0.09801714033
          0.98917651        0.1467304745
        0.9807852804         0.195090322
        0.9700312532        0.2429801799
        0.9569403357        0.2902846773
        0.9415440652        0.3368898534
        0.9238795325        0.3826834324
        0.9039892931        0.4275550934
        0.8819212643        0.4713967368
          0.85772861        0.5141027442
        0.8314696123         0.555570233
        0.8032075315        0.5956993045
        0.7730104534        0.6343932842
        0.7409511254        0.6715589548
        0.7071067812        0.7071067812
        0.6715589548        0.7409511254
        0.6343932842        0.7730104534
        0.5956993045        0.8032075315
         0.555570233        0.8314696123
        0.5141027442          0.85772861
        0.4713967368        0.8819212643
        0.4275550934        0.9039892931
        0.3826834324        0.9238795325
        0.3368898534        0.9415440652
        0.2902846773        0.9569403357
        0.2429801799        0.9700312532
         0.195090322        0.9807852804
        0.1467304745          0.98917651
       0.09801714033        0.9951847267
       0.04906767433        0.9987954562
    2.442436444e-016                   1
      -0.04906767433        0.9987954562
      -0.09801714033        0.9951847267
       -0.1467304745          0.98917651
        -0.195090322        0.9807852804
       -0.2429801799        0.9700312532
       -0.2902846773        0.9569403357
       -0.3368898534        0.9415440652
       -0.3826834324        0.9238795325
       -0.4275550934        0.9039892931
       -0.4713967368        0.8819212643
       -0.5141027442          0.85772861
        -0.555570233        0.8314696123
       -0.5956993045        0.8032075315
       -0.6343932842        0.7730104534
       -0.6715589548        0.7409511254
       -0.7071067812        0.7071067812
       -0.7409511254        0.6715589548
       -0.7730104534        0.6343932842
       -0.8032075315        0.5956993045
       -0.8314696123         0.555570233
         -0.85772861        0.5141027442
       -0.8819212643        0.4713967368
       -0.9039892931        0.4275550934
       -0.9238795325        0.3826834324
       -0.9415440652        0.3368898534
       -0.9569403357        0.2902846773
       -0.9700312532        0.2429801799
       -0.9807852804         0.195090322
         -0.98917651        0.1467304745
       -0.9951847267       0.09801714033
       -0.9987954562       0.04906767433
                  -1   -1.470882877e-015
       -0.9987954562      -0.04906767433
       -0.9951847267      -0.09801714033
         -0.98917651       -0.1467304745
       -0.9807852804        -0.195090322
       -0.9700312532       -0.2429801799
       -0.9569403357       -0.2902846773
       -0.9415440652       -0.3368898534
       -0.9238795325       -0.3826834324
       -0.9039892931       -0.4275550934
       -0.8819212643       -0.4713967368
         -0.85772861       -0.5141027442
       -0.8314696123        -0.555570233
       -0.8032075315       -0.5956993045
       -0.7730104534       -0.6343932842
       -0.7409511254       -0.6715589548
       -0.7071067812       -0.7071067812
       -0.6715589548       -0.7409511254
       -0.6343932842       -0.7730104534
       -0.5956993045       -0.8032075315
        -0.555570233       -0.8314696123
       -0.5141027442         -0.85772861
       -0.4713967368       -0.8819212643
       -0.4275550934       -0.9039892931
       -0.3826834324       -0.9238795325
       -0.3368898534       -0.9415440652
       -0.2902846773       -0.9569403357
       -0.2429801799       -0.9700312532
        -0.195090322       -0.9807852804
       -0.1467304745         -0.98917651
      -0.09801714033       -0.9951847267
      -0.04906767433       -0.9987954562
   -3.919417959e-015                  -1
       0.04906767433       -0.9987954562
       0.09801714033       -0.9951847267
        0.1467304745         -0.98917651
         0.195090322       -0.9807852804
        0.2429801799       -0.9700312532
        0.2902846773       -0.9569403357
        0.3368898534       -0.9415440652
        0.3826834324       -0.9238795325
        0.4275550934       -0.9039892931
        0.4713967368       -0.8819212643
        0.5141027442         -0.85772861
         0.555570233       -0.8314696123
        0.5956993045       -0.8032075315
        0.6343932842       -0.7730104534
        0.6715589548       -0.7409511254
        0.7071067812       -0.7071067812
        0.7409511254       -0.6715589548
        0.7730104534       -0.6343932842
        0.8032075315       -0.5956993045
        0.8314696123        -0.555570233
          0.85772861       -0.5141027442
        0.8819212643       -0.4713967368
        0.9039892931       -0.4275550934
        0.9238795325       -0.3826834324
        0.9415440652       -0.3368898534
        0.9569403357       -0.2902846773
        0.9700312532       -0.2429801799
        0.9807852804        -0.195090322
          0.98917651       -0.1467304745
        0.9951847267      -0.09801714033
        0.9987954562      -0.04906767433
                   1   -2.204291437e-015
        0.9987954562       0.04906767433
        0.9951847267       0.09801714033
          0.98917651        0.1467304745
        0.9807852804         0.195090322
        0.9700312532        0.2429801799
        0.9569403357        0.2902846773
        0.9415440652        0.3368898534
        0.9238795325        0.3826834324
        0.9039892931        0.4275550934
        0.8819212643        0.4713967368
          0.85772861        0.5141027442
        0.8314696123         0.555570233
        0.8032075315        0.5956993045
        0.7730104534        0.6343932842
        0.7409511254        0.6715589548
        0.7071067812        0.7071067812
        0.6715589548        0.7409511254
        0.6343932842        0.7730104534
        0.5956993045        0.8032075315
         0.555570233        0.8314696123
        0.5141027442          0.85772861
        0.4713967368        0.8819212643
        0.4275550934        0.9039892931
        0.3826834324        0.9238795325
        0.3368898534        0.9415440652
        0.2902846773        0.9569403357
        0.2429801799        0.9700312532
         0.195090322        0.9807852804
        0.1467304745          0.98917651
       0.09801714033        0.9951847267
       0.04906767433        0.9987954562
    7.594592273e-015                   1
      -0.04906767433        0.9987954562
      -0.09801714033        0.9951847267
       -0.1467304745          0.98917651
        -0.195090322        0.9807852804
       -0.2429801799        0.9700312532
       -0.2902846773        0.9569403357
       -0.3368898534        0.9415440652
       -0.3826834324        0.9238795325
       -0.4275550934        0.9039892931
       -0.4713967368        0.8819212643
       -0.5141027442          0.85772861
        -0.555570233        0.8314696123
       -0.5956993045        0.8032075315
       -0.6343932842        0.7730104534
       -0.6715589548        0.7409511254
       -0.7071067812        0.7071067812
       -0.7409511254        0.6715589548
       -0.7730104534        0.6343932842
       -0.8032075315        0.5956993045
       -0.8314696123         0.555570233
         -0.85772861        0.5141027442
       -0.8819212643        0.4713967368
       -0.9039892931        0.4275550934
       -0.9238795325        0.3826834324
       -0.9415440652        0.3368898534
       -0.9569403357        0.2902846773
       -0.9700312532        0.2429801799
       -0.9807852804         0.195090322
         -0.98917651        0.1467304745
       -0.9951847267       0.09801714033
       -0.9987954562       0.04906767433
                  -1    5.879465751e-015
       -0.9987954562      -0.04906767433
       -0.9951847267      -0.09801714033
         -0.98917651       -0.1467304745
       -0.9807852804        -0.195090322
       -0.9700312532       -0.2429801799
       -0.9569403357       -0.2902846773
       -0.9415440652       -0.3368898534
       -0.9238795325       -0.3826834324
       -0.9039892931       -0.4275550934
       -0.8819212643       -0.4713967368
         -0.85772861       -0.5141027442
       -0.8314696123        -0.555570233
       -0.8032075315       -0.5956993045
       -0.7730104534       -0.6343932842
       -0.7409511254       -0.6715589548
       -0.7071067812       -0.7071067812
       -0.6715589548       -0.7409511254
       -0.6343932842       -0.7730104534
       -0.5956993045       -0.8032075315
        -0.555570233       -0.8314696123
       -0.5141027442         -0.85772861
       -0.4713967368       -0.8819212643
       -0.4275550934       -0.9039892931
       -0.3826834324       -0.9238795325
       -0.3368898534       -0.9415440652
       -0.2902846773       -0.9569403357
       -0.2429801799       -0.9700312532
        -0.195090322       -0.9807852804
       -0.1467304745         -0.98917651
      -0.09801714033       -0.9951847267
      -0.04906767433       -0.9987954562
   -4.164339229e-015                  -1
       0.04906767433       -0.9987954562
       0.09801714033       -0.9951847267
        0.1467304745         -0.98917651
         0.195090322       -0.9807852804
        0.2429801799       -0.9700312532
        0.2902846773       -0.9569403357
        0.3368898534       -0.9415440652
        0.3826834324       -0.9238795325
        0.4275550934       -0.9039892931
        0.4713967368       -0.8819212643
        0.5141027442         -0.85772861
         0.555570233       -0.8314696123
        0.5956993045       -0.8032075315
        0.6343932842       -0.7730104534
        0.6715589548       -0.7409511254
        0.7071067812       -0.7071067812
        0.7409511254       -0.6715589548
        0.7730104534       -0.6343932842
        0.8032075315       -0.5956993045
        0.8314696123        -0.555570233
          0.85772861       -0.5141027442
        0.8819212643       -0.4713967368
        0.9039892931       -0.4275550934
        0.9238795325       -0.3826834324
        0.9415440652       -0.3368898534
        0.9569403357       -0.2902846773
        0.9700312532       -0.2429801799
        0.9807852804        -0.195090322
          0.98917651       -0.1467304745
        0.9951847267      -0.09801714033
        0.9987954562      -0.04906767433
                   1   -2.449212708e-015
        0.9987954562       0.04906767433
        0.9951847267       0.09801714033
          0.98917651        0.1467304745
        0.9807852804         0.195090322
        0.9700312532        0.2429801799
        0.9569403357        0.2902846773
        0.9415440652        0.3368898534
        0.9238795325        0.3826834324
        0.9039892931        0.4275550934
        0.8819212643        0.4713967368
          0.85772861        0.5141027442
        0.8314696123         0.555570233
        0.8032075315        0.5956993045
        0.7730104534        0.6343932842
        0.7409511254        0.6715589548
        0.7071067812        0.7071067812
        0.6715589548        0.7409511254
        0.6343932842        0.7730104534
        0.5956993045        0.8032075315
         0.555570233        0.8314696123
        0.5141027442          0.85772861
        0.4713967368        0.8819212643
        0.4275550934        0.9039892931
        0.3826834324        0.9238795325
        0.3368898534        0.9415440652
        0.2902846773        0.9569403357
        0.2429801799        0.9700312532
         0.195090322        0.9807852804
        0.1467304745          0.98917651
       0.09801714033        0.9951847267
       0.04906767433        0.9987954562
    7.839513544e-015                   1
      -0.04906767433        0.9987954562
      -0.09801714033        0.9951847267
       -0.1467304745          0.98917651
        -0.195090322        0.9807852804
       -0.2429801799        0.9700312532
       -0.2902846773        0.9569403357
       -0.3368898534        0.9415440652
       -0.3826834324        0.9238795325
       -0.4275550934        0.9039892931
       -0.4713967368        0.8819212643
       -0.5141027442          0.85772861
        -0.555570233        0.8314696123
       -0.5956993045        0.8032075315
       -0.6343932842        0.7730104534
       -0.6715589548        0.7409511254
       -0.7071067812        0.7071067812
       -0.7409511254        0.6715589548
       -0.7730104534        0.6343932842
       -0.8032075315        0.5956993045
       -0.8314696123         0.555570233
         -0.85772861        0.5141027442
       -0.8819212643        0.4713967368
       -0.9039892931        0.4275550934
       -0.9238795325        0.3826834324
       -0.9415440652        0.3368898534
       -0.9569403357        0.2902846773
       -0.9700312532        0.2429801799
       -0.9807852804         0.195090322
         -0.98917651        0.1467304745
       -0.9951847267       0.09801714033
       -0.9987954562       0.04906767433
                  -1   -9.810403358e-016
       -0.9987954562      -0.04906767433
       -0.9951847267      -0.09801714033
         -0.98917651       -0.1467304745
       -0.9807852804        -0.195090322
       -0.9700312532       -0.2429801799
       -0.9569403357       -0.2902846773
       -0.9415440652       -0.3368898534
       -0.9238795325       -0.3826834324
       -0.9039892931       -0.4275550934
       -0.8819212643       -0.4713967368
         -0.85772861       -0.5141027442
       -0.8314696123        -0.555570233
       -0.8032075315       -0.5956993045
       -0.7730104534       -0.6343932842
       -0.7409511254       -0.6715589548
       -0.7071067812       -0.7071067812
       -0.6715589548       -0.7409511254
       -0.6343932842       -0.7730104534
       -0.5956993045       -0.8032075315
        -0.555570233       -0.8314696123
       -0.5141027442         -0.85772861
       -0.4713967368       -0.8819212643
       -0.4275550934       -0.9039892931
       -0.3826834324       -0.9238795325
       -0.3368898534       -0.9415440652
       -0.2902846773       -0.9569403357
       -0.2429801799       -0.9700312532
        -0.195090322       -0.9807852804
       -0.1467304745         -0.98917651
      -0.09801714033       -0.9951847267
      -0.04906767433       -0.9987954562
     -4.4092605e-015                  -1
       0.04906767433       -0.9987954562
       0.09801714033       -0.9951847267
        0.1467304745         -0.98917651
         0.195090322       -0.9807852804
        0.2429801799       -0.9700312532
        0.2902846773       -0.9569403357
        0.3368898534       -0.9415440652
        0.3826834324       -0.9238795325
        0.4275550934       -0.9039892931
        0.4713967368       -0.8819212643
        0.5141027442         -0.85772861
         0.555570233       -0.8314696123
        0.5956993045       -0.8032075315
        0.6343932842       -0.7730104534
        0.6715589548       -0.7409511254
        0.7071067812       -0.7071067812
        0.7409511254       -0.6715589548
        0.7730104534       -0.6343932842
        0.8032075315       -0.5956993045
        0.8314696123        -0.555570233
          0.85772861       -0.5141027442
        0.8819212643       -0.4713967368
        0.9039892931       -0.4275550934
        0.9238795325       -0.3826834324
        0.9415440652       -0.3368898534
        0.9569403357       -0.2902846773
        0.9700312532       -0.2429801799
        0.9807852804        -0.195090322
          0.98917651       -0.1467304745
        0.9951847267      -0.09801714033
        0.9987954562      -0.04906767433
                   1   -9.799561336e-015
        0.9987954562       0.04906767433
        0.9951847267       0.09801714033
          0.98917651        0.1467304745
        0.9807852804         0.195090322
        0.9700312532        0.2429801799
        0.9569403357        0.2902846773
        0.9415440652        0.3368898534
        0.9238795325        0.3826834324
        0.9039892931        0.4275550934
        0.8819212643        0.4713967368
          0.85772861        0.5141027442
        0.8314696123         0.555570233
        0.8032075315        0.5956993045
        0.7730104534        0.6343932842
        0.7409511254        0.6715589548
        0.7071067812        0.7071067812
        0.6715589548        0.7409511254
        0.6343932842        0.7730104534
        0.5956993045        0.8032075315
         0.555570233        0.8314696123
        0.5141027442          0.85772861
        0.4713967368        0.8819212643
        0.4275550934        0.9039892931
        0.3826834324        0.9238795325
        0.3368898534        0.9415440652
        0.2902846773        0.9569403357
        0.2429801799        0.9700312532
         0.195090322        0.9807852804
        0.1467304745          0.98917651
       0.09801714033        0.9951847267
       0.04906767433        0.9987954562
    1.518986217e-014                   1
      -0.04906767433        0.9987954562
      -0.09801714033        0.9951847267
       -0.1467304745          0.98917651
        -0.195090322        0.9807852804
       -0.2429801799        0.9700312532
       -0.2902846773        0.9569403357
       -0.3368898534        0.9415440652
       -0.3826834324        0.9238795325
       -0.4275550934        0.9039892931
       -0.4713967368        0.8819212643
       -0.5141027442          0.85772861
        -0.555570233        0.8314696123
       -0.5956993045        0.8032075315
       -0.6343932842        0.7730104534
       -0.6715589548        0.7409511254
       -0.7071067812        0.7071067812
       -0.7409511254        0.6715589548
       -0.7730104534        0.6343932842
       -0.8032075315        0.5956993045
       -0.8314696123         0.555570233
         -0.85772861        0.5141027442
       -0.8819212643        0.4713967368
       -0.9039892931        0.4275550934
       -0.9238795325        0.3826834324
       -0.9415440652        0.3368898534
       -0.9569403357        0.2902846773
       -0.9700312532        0.2429801799
       -0.9807852804         0.195090322
         -0.98917651        0.1467304745
       -0.9951847267       0.09801714033
       -0.9987954562       0.04906767433
                  -1    6.369308293e-015
       -0.9987954562      -0.04906767433
       -0.9951847267      -0.09801714033
         -0.98917651       -0.1467304745
       -0.9807852804        -0.195090322
       -0.9700312532       -0.2429801799
       -0.9569403357       -0.2902846773
       -0.9415440652       -0.3368898534
       -0.9238795325       -0.3826834324
       -0.9039892931       -0.4275550934
       -0.8819212643       -0.4713967368
         -0.85772861       -0.5141027442
       -0.8314696123        -0.555570233
       -0.8032075315       -0.5956993045
       -0.7730104534       -0.6343932842
       -0.7409511254       -0.6715589548
       -0.7071067812       -0.7071067812
       -0.6715589548       -0.7409511254
       -0.6343932842       -0.7730104534
       -0.5956993045       -0.8032075315
        -0.555570233       -0.8314696123
       -0.5141027442         -0.85772861
       -0.4713967368       -0.8819212643
       -0.4275550934       -0.9039892931
       -0.3826834324       -0.9238795325
       -0.3368898534       -0.9415440652
       -0.2902846773       -0.9569403357
       -0.2429801799       -0.9700312532
        -0.195090322       -0.9807852804
       -0.1467304745         -0.98917651
      -0.09801714033       -0.9951847267
      -0.04906767433       -0.9987954562
   -1.175960913e-014                  -1
       0.04906767433       -0.9987954562
       0.09801714033       -0.9951847267
        0.1467304745         -0.98917651
         0.195090322       -0.9807852804
        0.2429801799       -0.9700312532
        0.2902846773       -0.9569403357
        0.3368898534       -0.9415440652
        0.3826834324       -0.9238795325
        0.4275550934       -0.9039892931
        0.4713967368       -0.8819212643
        0.5141027442         -0.85772861
         0.555570233       -0.8314696123
        0.5956993045       -0.8032075315
        0.6343932842       -0.7730104534
        0.6715589548       -0.7409511254
        0.7071067812       -0.7071067812
        0.7409511254       -0.6715589548
        0.7730104534       -0.6343932842
        0.8032075315       -0.5956993045
        0.8314696123        -0.555570233
          0.85772861       -0.5141027442
        0.8819212643       -0.4713967368
        0.9039892931       -0.4275550934
        0.9238795325       -0.3826834324
        0.9415440652       -0.3368898534
        0.9569403357       -0.2902846773
        0.9700312532       -0.2429801799
        0.9807852804        -0.195090322
          0.98917651       -0.1467304745
        0.9951847267      -0.09801714033
        0.9987954562      -0.04906767433
                   1   -2.939055249e-015
        0.9987954562       0.04906767433
        0.9951847267       0.09801714033
          0.98917651        0.1467304745
        0.9807852804         0.195090322
        0.9700312532        0.2429801799
        0.9569403357        0.2902846773
        0.9415440652        0.3368898534
        0.9238795325        0.3826834324
        0.9039892931        0.4275550934
        0.8819212643        0.4713967368
          0.85772861        0.5141027442
        0.8314696123         0.555570233
        0.8032075315        0.5956993045
        0.7730104534        0.6343932842
        0.7409511254        0.6715589548
        0.7071067812        0.7071067812
        0.6715589548        0.7409511254
        0.6343932842        0.7730104534
        0.5956993045        0.8032075315
         0.555570233        0.8314696123
        0.5141027442          0.85772861
        0.4713967368        0.8819212643
        0.4275550934        0.9039892931
        0.3826834324        0.9238795325
        0.3368898534        0.9415440652
        0.2902846773        0.9569403357
        0.2429801799        0.9700312532
         0.195090322        0.9807852804
        0.1467304745          0.98917651
       0.09801714033        0.9951847267
       0.04906767433        0.9987954562
    8.329356085e-015                   1
      -0.04906767433        0.9987954562
      -0.09801714033        0.9951847267
       -0.1467304745          0.98917651
        -0.195090322        0.9807852804
       -0.2429801799        0.9700312532
       -0.2902846773        0.9569403357
       -0.3368898534        0.9415440652
       -0.3826834324        0.9238795325
       -0.4275550934        0.9039892931
       -0.4713967368        0.8819212643
       -0.5141027442          0.85772861
        -0.555570233        0.8314696123
       -0.5956993045        0.8032075315
       -0.6343932842        0.7730104534
       -0.6715589548        0.7409511254
       -0.7071067812        0.7071067812
       -0.7409511254        0.6715589548
       -0.7730104534        0.6343932842
       -0.8032075315        0.5956993045
       -0.8314696123         0.555570233
         -0.85772861        0.5141027442
       -0.8819212643        0.4713967368
       -0.9039892931        0.4275550934
       -0.9238795325        0.3826834324
       -0.9415440652        0.3368898534
       -0.9569403357        0.2902846773
       -0.9700312532        0.2429801799
       -0.9807852804         0.195090322
         -0.98917651        0.1467304745
       -0.9951847267       0.09801714033
       -0.9987954562       0.04906767433
                  -1   -4.911977942e-016
       -0.9987954562      -0.04906767433
       -0.9951847267      -0.09801714033
         -0.98917651       -0.1467304745
       -0.9807852804        -0.195090322
       -0.9700312532       -0.2429801799
       -0.9569403357       -0.2902846773
       -0.9415440652       -0.3368898534
       -0.9238795325       -0.3826834324
       -0.9039892931       -0.4275550934
       -0.8819212643       -0.4713967368
         -0.85772861       -0.5141027442
       -0.8314696123        -0.555570233
       -0.8032075315       -0.5956993045
       -0.7730104534       -0.6343932842
       -0.7409511254       -0.6715589548
       -0.7071067812       -0.7071067812
       -0.6715589548       -0.7409511254
       -0.6343932842       -0.7730104534
       -0.5956993045       -0.8032075315
        -0.555570233       -0.8314696123
       -0.5141027442         -0.85772861
       -0.4713967368       -0.8819212643
       -0.4275550934       -0.9039892931
       -0.3826834324       -0.9238795325
       -0.3368898534       -0.9415440652
       -0.2902846773       -0.9569403357
       -0.2429801799       -0.9700312532
        -0.195090322       -0.9807852804
       -0.1467304745         -0.98917651
      -0.09801714033       -0.9951847267
      -0.04906767433       -0.9987954562
   -4.899103042e-015                  -1
       0.04906767433       -0.9987954562
       0.09801714033       -0.9951847267
        0.1467304745         -0.98917651
         0.195090322       -0.9807852804
        0.2429801799       -0.9700312532
        0.2902846773       -0.9569403357
        0.3368898534       -0.9415440652
        0.3826834324       -0.9238795325
        0.4275550934       -0.9039892931
        0.4713967368       -0.8819212643
        0.5141027442         -0.85772861
         0.555570233       -0.8314696123
        0.5956993045       -0.8032075315
        0.6343932842       -0.7730104534
        0.6715589548       -0.7409511254
        0.7071067812       -0.7071067812
        0.7409511254       -0.6715589548
        0.7730104534       -0.6343932842
        0.8032075315       -0.5956993045
        0.8314696123        -0.555570233
          0.85772861       -0.5141027442
        0.8819212643       -0.4713967368
        0.9039892931       -0.4275550934
        0.9238795325       -0.3826834324
        0.9415440652       -0.3368898534
        0.9569403357       -0.2902846773
        0.9700312532       -0.2429801799
        0.9807852804        -0.195090322
          0.98917651       -0.1467304745
        0.9951847267      -0.09801714033
        0.9987954562      -0.04906767433
                   1    3.921450838e-015
        0.9987954562       0.04906767433
        0.9951847267       0.09801714033
          0.98917651        0.1467304745
        0.9807852804         0.195090322
        0.9700312532        0.2429801799
        0.9569403357        0.2902846773
        0.9415440652        0.3368898534
        0.9238795325        0.3826834324
        0.9039892931        0.4275550934
        0.8819212643        0.4713967368
          0.85772861        0.5141027442
        0.8314696123         0.555570233
        0.8032075315        0.5956993045
        0.7730104534        0.6343932842
        0.7409511254        0.6715589548
        0.7071067812        0.7071067812
        0.6715589548        0.7409511254
        0.6343932842        0.7730104534
        0.5956993045        0.8032075315
         0.555570233        0.8314696123
        0.5141027442          0.85772861
        0.4713967368        0.8819212643
        0.4275550934        0.9039892931
        0.3826834324        0.9238795325
        0.3368898534        0.9415440652
        0.2902846773        0.9569403357
        0.2429801799        0.9700312532
         0.195090322        0.9807852804
        0.1467304745          0.98917651
       0.09801714033        0.9951847267
       0.04906767433        0.9987954562
    1.567970471e-014                   1
      -0.04906767433        0.9987954562
      -0.09801714033        0.9951847267
       -0.1467304745          0.98917651
        -0.195090322        0.9807852804
       -0.2429801799        0.9700312532
       -0.2902846773        0.9569403357
       -0.3368898534        0.9415440652
       -0.3826834324        0.9238795325
       -0.4275550934        0.9039892931
       -0.4713967368        0.8819212643
       -0.5141027442          0.85772861
        -0.555570233        0.8314696123
       -0.5956993045        0.8032075315
       -0.6343932842        0.7730104534
       -0.6715589548        0.7409511254
       -0.7071067812        0.7071067812
       -0.7409511254        0.6715589548
       -0.7730104534        0.6343932842
       -0.8032075315        0.5956993045
       -0.8314696123         0.555570233
         -0.85772861        0.5141027442
       -0.8819212643        0.4713967368
       -0.9039892931        0.4275550934
       -0.9238795325        0.3826834324
       -0.9415440652        0.3368898534
       -0.9569403357        0.2902846773
       -0.9700312532        0.2429801799
       -0.9807852804         0.195090322
         -0.98917651        0.1467304745
       -0.9951847267       0.09801714033
       -0.9987954562       0.04906767433
                  -1    6.859150834e-015
       -0.9987954562      -0.04906767433
       -0.9951847267      -0.09801714033
         -0.98917651       -0.1467304745
       -0.9807852804        -0.195090322
       -0.9700312532       -0.2429801799
       -0.9569403357       -0.2902846773
       -0.9415440652       -0.3368898534
       -0.9238795325       -0.3826834324
       -0.9039892931       -0.4275550934
       -0.8819212643       -0.4713967368
         -0.85772861       -0.5141027442
       -0.8314696123        -0.555570233
       -0.8032075315       -0.5956993045
       -0.7730104534       -0.6343932842
       -0.7409511254       -0.6715589548
       -0.7071067812       -0.7071067812
       -0.6715589548       -0.7409511254
       -0.6343932842       -0.7730104534
       -0.5956993045       -0.8032075315
        -0.555570233       -0.8314696123
       -0.5141027442         -0.85772861
       -0.4713967368       -0.8819212643
       -0.4275550934       -0.9039892931
       -0.3826834324       -0.9238795325
       -0.3368898534       -0.9415440652
       -0.2902846773       -0.9569403357
       -0.2429801799       -0.9700312532
        -0.195090322       -0.9807852804
       -0.1467304745         -0.98917651
      -0.09801714033       -0.9951847267
      -0.04906767433       -0.9987954562
   -1.224945167e-014                  -1
       0.04906767433       -0.9987954562
       0.09801714033       -0.9951847267
        0.1467304745         -0.98917651
         0.195090322       -0.9807852804
        0.2429801799       -0.9700312532
        0.2902846773       -0.9569403357
        0.3368898534       -0.9415440652
        0.3826834324       -0.9238795325
        0.4275550934       -0.9039892931
        0.4713967368       -0.8819212643
        0.5141027442         -0.85772861
         0.555570233       -0.8314696123
        0.5956993045       -0.8032075315
        0.6343932842       -0.7730104534
        0.6715589548       -0.7409511254
        0.7071067812       -0.7071067812
        0.7409511254       -0.6715589548
        0.7730104534       -0.6343932842
        0.8032075315       -0.5956993045
        0.8314696123        -0.555570233
          0.85772861       -0.5141027442
        0.8819212643       -0.4713967368
        0.9039892931       -0.4275550934
        0.9238795325       -0.3826834324
        0.9415440652       -0.3368898534
        0.9569403357       -0.2902846773
        0.9700312532       -0.2429801799
        0.9807852804        -0.195090322
          0.98917651       -0.1467304745
        0.9951847267      -0.09801714033
        0.9987954562      -0.04906767433
                   1   -3.428897791e-015
        0.9987954562       0.04906767433
        0.9951847267       0.09801714033
          0.98917651        0.1467304745
        0.9807852804         0.195090322
        0.9700312532        0.2429801799
        0.9569403357        0.2902846773
        0.9415440652        0.3368898534
        0.9238795325        0.3826834324
        0.9039892931        0.4275550934
        0.8819212643        0.4713967368
          0.85772861        0.5141027442
        0.8314696123         0.555570233
        0.8032075315        0.5956993045
        0.7730104534        0.6343932842
        0.7409511254        0.6715589548
        0.7071067812        0.7071067812
        0.6715589548        0.7409511254
        0.6343932842        0.7730104534
        0.5956993045        0.8032075315
         0.555570233        0.8314696123
        0.5141027442          0.85772861
        0.4713967368        0.8819212643
        0.4275550934        0.9039892931
        0.3826834324        0.9238795325
        0.3368898534        0.9415440652
        0.2902846773        0.9569403357
        0.2429801799        0.9700312532
         0.195090322        0.9807852804
        0.1467304745          0.98917651
       0.09801714033        0.9951847267
       0.04906767433        0.9987954562
    8.819198627e-015                   1
      -0.04906767433        0.9987954562
      -0.09801714033        0.9951847267
       -0.1467304745          0.98917651
        -0.195090322        0.9807852804
       -0.2429801799        0.9700312532
       -0.2902846773        0.9569403357
       -0.3368898534        0.9415440652
       -0.3826834324        0.9238795325
       -0.4275550934        0.9039892931
       -0.4713967368        0.8819212643
       -0.5141027442          0.85772861
        -0.555570233        0.8314696123
       -0.5956993045        0.8032075315
       -0.6343932842        0.7730104534
       -0.6715589548        0.7409511254
       -0.7071067812        0.7071067812
       -0.7409511254        0.6715589548
       -0.7730104534        0.6343932842
       -0.8032075315        0.5956993045
       -0.8314696123         0.555570233
         -0.85772861        0.5141027442
       -0.8819212643        0.4713967368
       -0.9039892931        0.4275550934
       -0.9238795325        0.3826834324
       -0.9415440652        0.3368898534
       -0.9569403357        0.2902846773
       -0.9700312532        0.2429801799
       -0.9807852804         0.195090322
         -0.98917651        0.1467304745
       -0.9951847267       0.09801714033
       -0.9987954562       0.04906767433
                  -1   -1.355252716e-018
       -0.9987954562      -0.04906767433
       -0.9951847267      -0.09801714033
         -0.98917651       -0.1467304745
       -0.9807852804        -0.195090322
       -0.9700312532       -0.2429801799
       -0.9569403357       -0.2902846773
       -0.9415440652       -0.3368898534
       -0.9238795325       -0.3826834324
       -0.9039892931       -0.4275550934
       -0.8819212643       -0.4713967368
         -0.85772861       -0.5141027442
       -0.8314696123        -0.555570233
       -0.8032075315       -0.5956993045
       -0.7730104534       -0.6343932842
       -0.7409511254       -0.6715589548
       -0.7071067812       -0.7071067812
       -0.6715589548       -0.7409511254
       -0.6343932842       -0.7730104534
       -0.5956993045       -0.8032075315
        -0.555570233       -0.8314696123
       -0.5141027442         -0.85772861
       -0.4713967368       -0.8819212643
       -0.4275550934       -0.9039892931
       -0.3826834324       -0.9238795325
       -0.3368898534       -0.9415440652
       -0.2902846773       -0.9569403357
       -0.2429801799       -0.9700312532
        -0.195090322       -0.9807852804
       -0.1467304745         -0.98917651
      -0.09801714033       -0.9951847267
      -0.04906767433       -0.9987954562
   -5.388945583e-015                  -1
       0.04906767433       -0.9987954562
       0.09801714033       -0.9951847267
        0.1467304745         -0.98917651
         0.195090322       -0.9807852804
        0.2429801799       -0.9700312532
        0.2902846773       -0.9569403357
        0.3368898534       -0.9415440652
        0.3826834324       -0.9238795325
        0.4275550934       -0.9039892931
        0.4713967368       -0.8819212643
        0.5141027442         -0.85772861
         0.555570233       -0.8314696123
        0.5956993045       -0.8032075315
        0.6343932842       -0.7730104534
        0.6715589548       -0.7409511254
        0.7071067812       -0.7071067812
        0.7409511254       -0.6715589548
        0.7730104534       -0.6343932842
        0.8032075315       -0.5956993045
        0.8314696123        -0.555570233
          0.85772861       -0.5141027442
        0.8819212643       -0.4713967368
        0.9039892931       -0.4275550934
        0.9238795325       -0.3826834324
        0.9415440652       -0.3368898534
        0.9569403357       -0.2902846773
        0.9700312532       -0.2429801799
        0.9807852804        -0.195090322
          0.98917651       -0.1467304745
        0.9951847267      -0.09801714033
        0.9987954562      -0.04906767433
                   1   -1.077924642e-014
        0.9987954562       0.04906767433
        0.9951847267       0.09801714033
          0.98917651        0.1467304745
        0.9807852804         0.195090322
        0.9700312532        0.2429801799
        0.9569403357        0.2902846773
        0.9415440652        0.3368898534
        0.9238795325        0.3826834324
        0.9039892931        0.4275550934
        0.8819212643        0.4713967368
          0.85772861        0.5141027442
        0.8314696123         0.555570233
        0.8032075315        0.5956993045
        0.7730104534        0.6343932842
        0.7409511254        0.6715589548
        0.7071067812        0.7071067812
        0.6715589548        0.7409511254
        0.6343932842        0.7730104534
        0.5956993045        0.8032075315
         0.555570233        0.8314696123
        0.5141027442          0.85772861
        0.4713967368        0.8819212643
        0.4275550934        0.9039892931
        0.3826834324        0.9238795325
        0.3368898534        0.9415440652
        0.2902846773        0.9569403357
        0.2429801799        0.9700312532
         0.195090322        0.9807852804
        0.1467304745          0.98917651
       0.09801714033        0.9951847267
       0.04906767433        0.9987954562
    1.616954725e-014                   1
      -0.04906767433        0.9987954562
      -0.09801714033        0.9951847267
       -0.1467304745          0.98917651
        -0.195090322        0.9807852804
       -0.2429801799        0.9700312532
       -0.2902846773        0.9569403357
       -0.3368898534        0.9415440652
       -0.3826834324        0.9238795325
       -0.4275550934        0.9039892931
       -0.4713967368        0.8819212643
       -0.5141027442          0.85772861
        -0.555570233        0.8314696123
       -0.5956993045        0.8032075315
       -0.6343932842        0.7730104534
       -0.6715589548        0.7409511254
       -0.7071067812        0.7071067812
       -0.7409511254        0.6715589548
       -0.7730104534        0.6343932842
       -0.8032075315        0.5956993045
       -0.8314696123         0.555570233
         -0.85772861        0.5141027442
       -0.8819212643        0.4713967368
       -0.9039892931        0.4275550934
       -0.9238795325        0.3826834324
       -0.9415440652        0.3368898534
       -0.9569403357        0.2902846773
       -0.9700312532        0.2429801799
       -0.9807852804         0.195090322
         -0.98917651        0.1467304745
       -0.9951847267       0.09801714033
       -0.9987954562       0.04906767433
                  -1    7.348993376e-015
       -0.9987954562      -0.04906767433
       -0.9951847267      -0.09801714033
         -0.98917651       -0.1467304745
       -0.9807852804        -0.195090322
       -0.9700312532       -0.2429801799
       -0.9569403357       -0.2902846773
       -0.9415440652       -0.3368898534
       -0.9238795325       -0.3826834324
       -0.9039892931       -0.4275550934
       -0.8819212643       -0.4713967368
         -0.85772861       -0.5141027442
       -0.8314696123        -0.555570233
       -0.8032075315       -0.5956993045
       -0.7730104534       -0.6343932842
       -0.7409511254       -0.6715589548
       -0.7071067812       -0.7071067812
       -0.6715589548       -0.7409511254
       -0.6343932842       -0.7730104534
       -0.5956993045       -0.8032075315
        -0.555570233       -0.8314696123
       -0.5141027442         -0.85772861
       -0.4713967368       -0.8819212643
       -0.4275550934       -0.9039892931
       -0.3826834324       -0.9238795325
       -0.3368898534       -0.9415440652
       -0.2902846773       -0.9569403357
       -0.2429801799       -0.9700312532
        -0.195090322       -0.9807852804
       -0.1467304745         -0.98917651
      -0.09801714033       -0.9951847267
      -0.04906767433       -0.9987954562
   -1.273929421e-014                  -1
       0.04906767433       -0.9987954562
       0.09801714033       -0.9951847267
        0.1467304745         -0.98917651
         0.195090322       -0.9807852804
        0.2429801799       -0.9700312532
        0.2902846773       -0.9569403357
        0.3368898534       -0.9415440652
        0.3826834324       -0.9238795325
        0.4275550934       -0.9039892931
        0.4713967368       -0.8819212643
        0.5141027442         -0.85772861
         0.555570233       -0.8314696123
        0.5956993045       -0.8032075315
        0.6343932842       -0.7730104534
        0.6715589548       -0.7409511254
        0.7071067812       -0.7071067812
        0.7409511254       -0.6715589548
        0.7730104534       -0.6343932842
        0.8032075315       -0.5956993045
        0.8314696123        -0.555570233
          0.85772861       -0.5141027442
        0.8819212643       -0.4713967368
        0.9039892931       -0.4275550934
        0.9238795325       -0.3826834324
        0.9415440652       -0.3368898534
        0.9569403357       -0.2902846773
        0.9700312532       -0.2429801799
        0.9807852804        -0.195090322
          0.98917651       -0.1467304745
        0.9951847267      -0.09801714033
        0.9987954562      -0.04906767433
